
strategic_region={
	id=131
	name="STRATEGICREGION_131"
	provinces={
		2 3 8 12 18 23 26 36 39 40 57 60 62 70 71 72 75 79 80 81 84 85 86 87 89 90 92 93 94 95 97 99 104 105 106 108 110 117 121 126 127 129 134 135 138 140 143 149 150 152 154 155 157 160 163 164 166 170 172 174 176 180 181 183 186 187 194 196 198 207 212 214 215 216 223 226 231 236 238 246 248 252 256 261 269 270 274 280 283 287 288 289 294 297 300 301 302 304 306 312 314 315 320 323 328 330 331 333 335 342 343 344 346 350 352 354 357 360 366 368 371 378 382 384 386 387 397 398 401 415 457 463 473 489 501 504 522 525 534 546 558 580 582 1295 2332 2356 2994 2996 2998 2999 3008 3017 3031 3033 3035 3050 3053 3056 3057 3060 3064 3065 3067 3071 3072 3075 3077 3078 3079 3080 3081 3084 3085 3086 3087 3089 3091 3092 3099 3101 3110 3116 3120 3124 3130 3133 3135 3140 3142 3143 3144 3147 3151 3154 3155 3157 3160 3163 3164 3166 3168 3175 3176 3186 3187 3189 3190 3202 3203 3210 3215 3219 3220 3224 3225 3226 3235 3236 3240 3245 3247 3250 3257 3259 3261 3263 3267 3268 3275 3278 3279 3285 3290 3292 3293 3297 3302 3303 3306 3308 3310 3313 3321 3322 3323 3327 3331 3333 3335 3338 3339 3344 3345 3347 3349 3350 3352 3356 3358 3362 3364 3370 3376 3377 3378 3383 3387 3390 3391 3455 3480 3492 3494 3507 3520 3542 3543 3554 3568 3580 3584 3759 4298 6016 6017 6021 6022 6029 6034 6035 6040 6051 6052 6056 6057 6070 6073 6075 6077 6086 6088 6090 6091 6094 6095 6096 6097 6098 6100 6101 6102 6105 6106 6109 6110 6112 6113 6119 6122 6131 6135 6139 6143 6149 6150 6153 6154 6158 6159 6166 6167 6169 6172 6174 6175 6177 6180 6182 6189 6190 6192 6193 6197 6199 6203 6215 6220 6225 6231 6232 6233 6242 6243 6245 6247 6249 6252 6254 6262 6264 6269 6273 6279 6283 6284 6290 6292 6293 6295 6299 6303 6304 6305 6315 6316 6319 6324 6326 6327 6330 6333 6344 6346 6348 6354 6355 6356 6358 6362 6365 6367 6370 6371 6373 6374 6380 6386 6387 6392 6396 6400 6410 6411 6414 6432 6458 6481 6497 6508 6517 6532 6538 6543 6556 6565 6577 6589 6603 7330 7712 7898 9033 9041 9043 9045 9046 9055 9060 9074 9078 9082 9097 9098 9099 9100 9101 9102 9105 9107 9110 9111 9113 9118 9119 9120 9121 9122 9124 9130 9131 9133 9136 9144 9150 9153 9159 9164 9168 9176 9177 9180 9184 9187 9188 9190 9195 9197 9198 9199 9200 9202 9205 9207 9210 9212 9213 9222 9225 9230 9231 9234 9235 9241 9242 9247 9248 9249 9253 9254 9256 9257 9260 9261 9265 9266 9267 9272 9273 9278 9282 9287 9288 9289 9291 9298 9301 9302 9311 9313 9318 9319 9323 9325 9328 9330 9331 9333 9342 9343 9345 9348 9351 9353 9355 9356 9358 9360 9366 9368 9371 9376 9378 9382 9384 9386 9389 9395 9396 9399 9407 9408 9411 9424 9437 9449 9465 9477 9489 9506 9518 9542 9543 9554 9566 9568 9579 10207 10579 10723 11027 11032 11035 11036 11038 11039 11042 11045 11046 11047 11048 11054 11059 11061 11062 11068 11071 11072 11074 11075 11080 11083 11084 11086 11089 11092 11093 11094 11095 11096 11097 11099 11103 11107 11109 11110 11119 11131 11134 11137 11139 11143 11146 11150 11153 11154 11156 11159 11162 11165 11166 11168 11171 11174 11175 11177 11178 11180 11181 11182 11186 11189 11191 11192 11200 11202 11205 11212 11213 11214 11216 11217 11220 11224 11229 11230 11234 11235 11236 11239 11241 11242 11244 11248 11250 11252 11254 11258 11259 11268 11271 11272 11275 11277 11282 11283 11284 11290 11294 11295 11298 11300 11304 11310 11313 11314 11315 11322 11324 11325 11326 11330 11336 11337 11338 11340 11344 11347 11349 11353 11355 11362 11363 11368 11369 11370 11375 11379 11383 11384 11392 11394 11425 11439 11453 11462 11489 11500 11526 11553 11557 12530 12558 13128 13129 13130 13194 13198 
	}
	weather={
		period={
			between={ 0.0 30.0 }
			temperature={ -12.0 3.0 }
			temperature_day_night={ 7.0 -7.0 }
			no_phenomenon=0.550
			rain_light=0.100
			rain_heavy=0.050
			snow=0.400
			blizzard=0.050
			arctic_water=0.000
			mud=1.600
			sandstorm=0.000
			min_snow_level=0.000
		}
		period={
			between={ 0.1 27.1 }
			temperature={ -15.0 3.0 }
			temperature_day_night={ 7.0 -7.0 }
			no_phenomenon=0.600
			rain_light=0.100
			rain_heavy=0.050
			snow=0.400
			blizzard=0.050
			arctic_water=0.000
			mud=1.600
			sandstorm=0.000
			min_snow_level=0.000
		}
		period={
			between={ 0.2 30.2 }
			temperature={ -4.0 5.0 }
			temperature_day_night={ 7.0 -7.0 }
			no_phenomenon=0.550
			rain_light=0.150
			rain_heavy=0.050
			snow=0.300
			blizzard=0.100
			arctic_water=0.000
			mud=1.600
			sandstorm=0.000
			min_snow_level=0.000
		}
		period={
			between={ 0.3 29.3 }
			temperature={ 0.0 16.0 }
			temperature_day_night={ 7.0 -7.0 }
			no_phenomenon=0.600
			rain_light=0.450
			rain_heavy=0.100
			snow=0.150
			blizzard=0.000
			arctic_water=0.000
			mud=1.600
			sandstorm=0.000
			min_snow_level=0.000
		}
		period={
			between={ 0.4 30.4 }
			temperature={ 7.0 19.0 }
			temperature_day_night={ 6.0 -6.0 }
			no_phenomenon=0.600
			rain_light=0.400
			rain_heavy=0.100
			snow=0.000
			blizzard=0.000
			arctic_water=0.000
			mud=1.600
			sandstorm=0.000
			min_snow_level=0.000
		}
		period={
			between={ 0.5 29.5 }
			temperature={ 11.0 22.0 }
			temperature_day_night={ 8.0 -8.0 }
			no_phenomenon=0.600
			rain_light=0.250
			rain_heavy=0.150
			snow=0.000
			blizzard=0.000
			arctic_water=0.000
			mud=1.600
			sandstorm=0.000
			min_snow_level=0.000
		}
		period={
			between={ 0.6 30.6 }
			temperature={ 13.0 24.0 }
			temperature_day_night={ 8.0 -8.0 }
			no_phenomenon=0.600
			rain_light=0.250
			rain_heavy=0.150
			snow=0.000
			blizzard=0.000
			arctic_water=0.000
			mud=1.600
			sandstorm=0.000
			min_snow_level=0.000
		}
		period={
			between={ 0.7 30.7 }
			temperature={ 12.0 23.0 }
			temperature_day_night={ 8.0 -8.0 }
			no_phenomenon=0.600
			rain_light=0.250
			rain_heavy=0.150
			snow=0.000
			blizzard=0.000
			arctic_water=0.000
			mud=1.600
			sandstorm=0.000
			min_snow_level=0.000
		}
		period={
			between={ 0.8 29.8 }
			temperature={ 7.0 17.0 }
			temperature_day_night={ 8.0 -8.0 }
			no_phenomenon=0.600
			rain_light=0.250
			rain_heavy=0.150
			snow=0.000
			blizzard=0.000
			arctic_water=0.000
			mud=1.600
			sandstorm=0.000
			min_snow_level=0.000
		}
		period={
			between={ 0.9 30.9 }
			temperature={ 3.0 10.0 }
			temperature_day_night={ 8.0 -8.0 }
			no_phenomenon=0.550
			rain_light=0.200
			rain_heavy=0.100
			snow=0.150
			blizzard=0.000
			arctic_water=0.000
			mud=1.600
			sandstorm=0.000
			min_snow_level=0.000
		}
		period={
			between={ 0.10 29.10 }
			temperature={ -5.0 5.0 }
			temperature_day_night={ 8.0 -8.0 }
			no_phenomenon=0.550
			rain_light=0.100
			rain_heavy=0.150
			snow=0.300
			blizzard=0.050
			arctic_water=0.000
			mud=1.600
			sandstorm=0.000
			min_snow_level=0.000
		}
		period={
			between={ 0.11 30.11 }
			temperature={ -7.0 -2.0 }
			temperature_day_night={ 8.0 -8.0 }
			no_phenomenon=0.200
			rain_light=0.130
			rain_heavy=0.070
			snow=0.450
			blizzard=0.050
			arctic_water=0.000
			mud=1.600
			sandstorm=0.000
			min_snow_level=0.010
		}
		period={
			between={ 4.11 21.11 }
			temperature={ -10.0 35.0 }
			temperature_day_night={ 2.0 -2.0 }
			no_phenomenon=1.500
			rain_light=0.250
			rain_heavy=0.100
			snow=0.000
			blizzard=0.000
			arctic_water=0.000
			mud=0.000
			sandstorm=0.000
			min_snow_level=0.000
		}
	}
}
