
strategic_region={
	id=137
	name="STRATEGICREGION_137"
	provinces={
		6 31 45 73 88 112 119 123 146 175 189 206 208 227 228 232 237 257 260 272 273 275 278 282 286 291 292 298 305 307 313 324 325 326 338 339 340 345 353 355 356 359 361 365 367 370 372 376 380 381 390 392 393 396 403 404 410 413 426 432 433 437 449 452 464 468 470 471 475 477 481 483 484 487 497 498 499 500 508 509 510 518 520 533 544 545 554 566 576 578 579 615 618 642 666 670 683 685 700 712 714 728 731 742 745 748 757 759 775 1210 1220 1223 1229 1233 1243 1247 1254 1258 1272 1276 1278 1290 1292 1294 1303 1305 1307 1309 1312 1314 1318 1327 1331 1334 1336 1350 1360 1363 1365 1371 1375 1378 1380 1382 1387 1391 1402 1406 1418 1429 1450 1455 1479 1517 1532 1543 1554 1576 1614 1623 1659 1662 1664 1680 1684 1694 1704 1721 1744 1750 1754 1771 1775 1808 1812 1821 1841 1880 3000 3004 3027 3041 3066 3102 3103 3112 3127 3139 3146 3167 3169 3177 3196 3197 3199 3214 3216 3221 3246 3251 3264 3265 3266 3269 3270 3276 3280 3282 3289 3291 3294 3300 3304 3315 3316 3317 3318 3328 3330 3332 3334 3343 3346 3348 3357 3360 3361 3363 3365 3371 3372 3382 3385 3389 3394 3404 3406 3413 3417 3426 3431 3435 3439 3443 3459 3461 3464 3465 3467 3469 3472 3475 3477 3478 3486 3487 3489 3490 3502 3503 3504 3505 3515 3517 3518 3519 3527 3529 3538 3539 3540 3551 3555 3563 3566 3567 3578 3582 3587 3593 3597 3618 3622 3667 3668 3672 3682 3698 3711 3726 3746 3748 3774 3777 3779 4209 4215 4227 4232 4238 4242 4250 4254 4261 4265 4277 4281 4283 4294 4300 4303 4309 4311 4314 4322 4324 4326 4333 4337 4340 4351 4354 4356 4369 4372 4374 4376 4383 4389 4394 4400 4411 4463 4488 4492 4499 4523 4578 4581 4595 4618 4620 4636 4638 4659 4669 4686 4710 4715 4746 4754 4758 4774 4780 4802 4813 4824 4846 4850 4874 6025 6089 6121 6124 6133 6162 6171 6191 6202 6213 6217 6224 6226 6230 6246 6248 6253 6274 6275 6278 6285 6288 6291 6294 6297 6302 6307 6308 6312 6317 6323 6328 6329 6337 6338 6339 6341 6343 6352 6353 6357 6366 6368 6369 6372 6379 6382 6383 6388 6391 6394 6398 6403 6404 6409 6417 6424 6428 6430 6450 6454 6463 6468 6473 6477 6479 6486 6490 6491 6492 6494 6498 6502 6503 6506 6514 6515 6516 6523 6525 6527 6528 6539 6541 6544 6551 6553 6563 6564 6566 6574 6575 6587 6588 6591 6601 6602 6615 6620 6674 6689 6692 6701 6702 6718 6721 6730 6733 6748 6750 6753 6758 6760 6765 6787 6791 6794 6796 7228 7233 7237 7243 7281 7285 7298 7300 7313 7318 7320 7322 7326 7328 7335 7337 7341 7343 7346 7354 7357 7359 7370 7373 7375 7383 7392 7401 7403 7407 7410 7416 7425 7429 7431 7438 7444 7486 7501 7507 7541 7554 7556 7597 7600 7624 7641 7657 7681 7689 7733 7738 7741 7768 7774 7777 7778 7796 7824 7833 7846 7867 7874 7895 8461 9050 9065 9114 9142 9145 9146 9155 9172 9192 9214 9232 9243 9244 9245 9258 9259 9270 9271 9276 9280 9283 9286 9292 9293 9299 9305 9307 9312 9324 9326 9336 9337 9338 9339 9344 9349 9352 9354 9365 9367 9370 9373 9380 9381 9385 9390 9391 9394 9401 9402 9409 9415 9420 9422 9426 9432 9436 9440 9442 9445 9447 9448 9453 9455 9459 9460 9462 9464 9469 9473 9474 9475 9487 9488 9502 9504 9512 9513 9514 9516 9526 9528 9529 9530 9538 9540 9549 9552 9553 9564 9565 9577 9581 9592 9594 9628 9632 9645 9647 9649 9663 9674 9688 9705 9707 9720 9722 9726 9735 9739 9742 9753 10131 10133 10136 10140 10142 10148 10164 10168 10170 10179 10185 10189 10196 10200 10211 10213 10216 10220 10224 10226 10239 10253 10256 10262 10264 10268 10275 10277 10284 10286 10295 10299 10301 10308 10312 10314 10329 10348 10353 10366 10395 10420 10435 10452 10470 10485 10506 10508 10542 10551 10592 10600 10601 10604 10620 10633 10648 10670 10677 10716 10720 11025 11051 11087 11098 11111 11124 11133 11149 11158 11170 11179 11193 11195 11203 11223 11225 11227 11228 11240 11243 11255 11256 11262 11263 11269 11273 11281 11286 11292 11296 11307 11308 11309 11319 11320 11321 11323 11335 11339 11348 11351 11352 11354 11356 11364 11365 11373 11377 11381 11387 11389 11393 11395 11396 11400 11403 11408 11412 11416 11421 11423 11429 11433 11436 11442 11447 11449 11451 11455 11457 11458 11459 11460 11469 11472 11473 11474 11475 11476 11480 11482 11484 11485 11496 11501 11510 11512 11523 11524 11527 11537 11538 11540 11551 11552 11555 11566 11578 11579 11591 11609 11614 11632 11633 11647 11661 11664 11678 11690 11693 11694 11696 11701 11706 11724 11727 11736 12102 12106 12108 12111 12115 12117 12121 12128 12130 12139 12143 12152 12157 12161 12163 12170 12172 12175 12177 12179 12185 12187 12194 12198 12200 12203 12216 12227 12229 12233 12235 12242 12244 12254 12257 12266 12270 12285 12287 12294 12298 12324 12329 12340 12383 12385 12390 12393 12397 12454 12465 12471 12474 12487 12502 12521 12527 12567 12584 12587 12602 12619 12626 12630 12659 12696 12700 13008 13076 13207 
	}
	weather={
		period={
			between={ 0.0 30.0 }
			temperature={ -7.0 -2.0 }
			temperature_day_night={ 5.0 -15.0 }
			no_phenomenon=0.400
			rain_light=0.050
			rain_heavy=0.000
			snow=0.600
			blizzard=0.200
			arctic_water=0.000
			mud=2.000
			sandstorm=0.000
			min_snow_level=0.000
		}
		period={
			between={ 0.1 27.1 }
			temperature={ -6.0 -2.0 }
			temperature_day_night={ 5.0 -15.0 }
			no_phenomenon=0.400
			rain_light=0.050
			rain_heavy=0.000
			snow=0.550
			blizzard=0.200
			arctic_water=0.000
			mud=2.000
			sandstorm=0.000
			min_snow_level=0.000
		}
		period={
			between={ 0.2 30.2 }
			temperature={ 0.0 5.0 }
			temperature_day_night={ 10.0 -11.0 }
			no_phenomenon=0.400
			rain_light=0.100
			rain_heavy=0.000
			snow=0.400
			blizzard=0.100
			arctic_water=0.000
			mud=2.000
			sandstorm=0.000
			min_snow_level=0.000
		}
		period={
			between={ 0.3 29.3 }
			temperature={ 5.0 16.0 }
			temperature_day_night={ 5.0 -10.0 }
			no_phenomenon=0.450
			rain_light=0.200
			rain_heavy=0.050
			snow=0.300
			blizzard=0.000
			arctic_water=0.000
			mud=2.000
			sandstorm=0.000
			min_snow_level=0.000
		}
		period={
			between={ 0.4 30.4 }
			temperature={ 12.0 20.0 }
			temperature_day_night={ 8.0 -8.0 }
			no_phenomenon=0.450
			rain_light=0.300
			rain_heavy=0.150
			snow=0.100
			blizzard=0.000
			arctic_water=0.000
			mud=2.000
			sandstorm=0.000
			min_snow_level=0.000
		}
		period={
			between={ 0.5 29.5 }
			temperature={ 15.0 22.0 }
			temperature_day_night={ 8.0 -8.0 }
			no_phenomenon=0.450
			rain_light=0.350
			rain_heavy=0.100
			snow=0.000
			blizzard=0.000
			arctic_water=0.000
			mud=2.000
			sandstorm=0.000
			min_snow_level=0.000
		}
		period={
			between={ 0.6 30.6 }
			temperature={ 14.0 24.0 }
			temperature_day_night={ 8.0 -8.0 }
			no_phenomenon=0.450
			rain_light=0.350
			rain_heavy=0.100
			snow=0.000
			blizzard=0.000
			arctic_water=0.000
			mud=2.000
			sandstorm=0.000
			min_snow_level=0.000
		}
		period={
			between={ 0.7 30.7 }
			temperature={ 12.0 21.0 }
			temperature_day_night={ 8.0 -8.0 }
			no_phenomenon=0.750
			rain_light=0.350
			rain_heavy=0.100
			snow=0.000
			blizzard=0.000
			arctic_water=0.000
			mud=2.000
			sandstorm=0.000
			min_snow_level=0.000
		}
		period={
			between={ 0.8 29.8 }
			temperature={ 7.0 15.0 }
			temperature_day_night={ 5.0 -5.0 }
			no_phenomenon=0.750
			rain_light=0.250
			rain_heavy=0.100
			snow=0.100
			blizzard=0.000
			arctic_water=0.000
			mud=2.000
			sandstorm=0.000
			min_snow_level=0.000
		}
		period={
			between={ 0.9 30.9 }
			temperature={ 2.0 7.0 }
			temperature_day_night={ 5.0 -8.0 }
			no_phenomenon=0.800
			rain_light=0.200
			rain_heavy=0.100
			snow=0.300
			blizzard=0.000
			arctic_water=0.000
			mud=2.000
			sandstorm=0.000
			min_snow_level=0.000
		}
		period={
			between={ 0.10 29.10 }
			temperature={ -4.0 0.0 }
			temperature_day_night={ 5.0 -10.0 }
			no_phenomenon=0.400
			rain_light=0.050
			rain_heavy=0.000
			snow=0.500
			blizzard=0.200
			arctic_water=0.000
			mud=2.000
			sandstorm=0.000
			min_snow_level=0.000
		}
		period={
			between={ 0.11 30.11 }
			temperature={ -5.0 0.0 }
			temperature_day_night={ 5.0 -10.0 }
			no_phenomenon=0.150
			rain_light=0.050
			rain_heavy=0.000
			snow=0.600
			blizzard=0.200
			arctic_water=0.000
			mud=2.000
			sandstorm=0.000
			min_snow_level=0.000
		}
		period={
			between={ 4.11 21.11 }
			temperature={ -10.0 35.0 }
			temperature_day_night={ 2.0 -2.0 }
			no_phenomenon=1.500
			rain_light=0.250
			rain_heavy=0.100
			snow=0.000
			blizzard=0.000
			arctic_water=0.000
			mud=0.000
			sandstorm=0.000
			min_snow_level=0.000
		}
	}
}
