
strategic_region={
	id=194
	name="STRATEGICREGION_194"
	provinces={
		1042 1085 1098 1208 1209 1217 1221 1222 1224 1225 1230 1234 1237 1242 1246 1252 1261 1263 1269 1274 1277 1283 1286 1288 1289 1293 1298 1301 1304 1306 1310 1311 1313 1316 1326 1329 1332 1335 1339 1340 1342 1345 1351 1355 1358 1361 1368 1370 1372 1373 1379 1386 1388 1389 1398 1401 1404 1407 1410 1413 1415 1416 1419 1421 1422 1425 1428 1431 1437 1454 1460 1472 1478 1484 1498 1501 1505 1511 1514 1518 1526 1533 1537 1540 1546 1557 1561 1565 1570 1574 1589 1602 1611 1617 1629 1644 1648 1652 1667 1713 1746 1759 1773 1786 1801 1814 1861 2047 2114 2116 2117 2129 2130 2133 2139 2146 2155 2157 2163 2166 2170 2177 2183 2184 2186 2187 2189 2191 2197 2201 2203 2205 2211 2219 2221 2222 2223 4101 4211 4214 4216 4226 4228 4231 4233 4236 4241 4247 4252 4262 4266 4268 4269 4273 4276 4279 4282 4288 4289 4292 4301 4304 4306 4307 4308 4317 4320 4323 4329 4332 4335 4338 4346 4349 4350 4352 4357 4358 4361 4364 4368 4373 4377 4378 4381 4390 4393 4396 4399 4406 4409 4415 4418 4421 4423 4427 4429 4434 4441 4446 4453 4462 4468 4478 4481 4487 4493 4500 4502 4505 4509 4517 4520 4524 4530 4537 4543 4546 4552 4560 4564 4579 4593 4608 4615 4621 4630 4632 4635 4645 4648 4652 4658 4673 4718 4748 4763 4776 4791 4804 4819 4836 4864 5125 5134 5135 5138 5161 5170 5175 5176 5181 5183 5187 5195 5197 5198 5206 5207 5211 5225 5226 5227 7223 7227 7231 7251 7264 7269 7275 7284 7293 7296 7299 7305 7307 7308 7311 7321 7323 7324 7325 7327 7333 7336 7339 7349 7351 7352 7355 7358 7360 7362 7365 7368 7369 7371 7378 7381 7384 7385 7387 7389 7396 7409 7412 7413 7415 7417 7419 7421 7423 7424 7437 7439 7440 7443 7445 7450 7453 7457 7463 7471 7481 7487 7496 7506 7512 7520 7522 7525 7529 7533 7535 7538 7542 7557 7564 7566 7567 7570 7579 7585 7592 7598 7608 7610 7614 7623 7627 7642 7649 7651 7654 7658 7664 7666 7669 7673 7692 7742 7755 7783 7798 7811 7826 7839 7859 7887 8091 8130 8134 8152 8155 8165 8186 8200 8204 8206 8209 8212 8220 8221 8228 8230 8232 8234 8235 8237 8241 8243 8247 8249 8250 8360 10135 10138 10141 10143 10145 10147 10150 10153 10160 10165 10166 10167 10169 10175 10178 10181 10184 10186 10191 10194 10197 10199 10206 10209 10212 10214 10219 10222 10225 10231 10234 10236 10237 10240 10241 10243 10248 10251 10252 10260 10263 10265 10266 10269 10272 10276 10279 10280 10282 10285 10288 10291 10294 10298 10300 10302 10306 10307 10310 10316 10319 10322 10325 10328 10334 10336 10338 10342 10350 10354 10365 10369 10373 10378 10382 10388 10396 10409 10423 10427 10430 10436 10445 10450 10455 10458 10460 10464 10473 10475 10479 10487 10491 10500 10505 10509 10518 10522 10553 10581 10609 10622 10637 10650 10665 10682 10710 10925 10927 10936 10937 10941 10949 10950 10954 10955 10958 10969 10971 10974 10977 10979 10983 10990 10991 10997 11004 11006 11011 11013 11016 11018 11019 12103 12104 12107 12110 12112 12116 12118 12120 12123 12126 12129 12132 12135 12138 12151 12153 12154 12158 12160 12162 12165 12168 12171 12178 12181 12184 12186 12188 12190 12193 12196 12206 12209 12212 12213 12217 12219 12222 12225 12228 12234 12236 12237 12240 12243 12245 12246 12249 12252 12253 12265 12268 12273 12277 12279 12280 12283 12290 12293 12296 12302 12308 12311 12315 12323 12326 12330 12339 12343 12354 12358 12362 12367 12371 12377 12382 12386 12400 12406 12411 12415 12424 12428 12435 12444 12451 12457 12472 12484 12488 12499 12532 12560 12576 12604 12617 12632 12645 12664 12904 12905 12906 12910 12912 12915 12918 12924 12926 12931 12932 12934 12936 12948 12949 12955 12957 12962 12966 12968 12974 12976 12980 12988 12990 12992 12993 12995 13001 13005 13132 13133 
	}
	weather={
		period={
			between={ 0.0 30.0 }
			temperature={ 18.0 28.0 }
			temperature_day_night={ -2.0 2.0 }
			no_phenomenon=0.500
			rain_light=0.250
			rain_heavy=0.100
			snow=0.000
			blizzard=0.000
			arctic_water=0.000
			mud=1.000
			sandstorm=0.000
			min_snow_level=0.000
		}
		period={
			between={ 0.1 27.1 }
			temperature={ 18.0 28.0 }
			temperature_day_night={ -2.0 2.0 }
			no_phenomenon=0.500
			rain_light=0.250
			rain_heavy=0.100
			snow=0.000
			blizzard=0.000
			arctic_water=0.000
			mud=1.000
			sandstorm=0.000
			min_snow_level=0.000
		}
		period={
			between={ 0.2 30.2 }
			temperature={ 18.0 28.0 }
			temperature_day_night={ -2.0 2.0 }
			no_phenomenon=0.500
			rain_light=0.250
			rain_heavy=0.100
			snow=0.000
			blizzard=0.000
			arctic_water=0.000
			mud=1.000
			sandstorm=0.000
			min_snow_level=0.000
		}
		period={
			between={ 0.3 29.3 }
			temperature={ 12.0 20.0 }
			temperature_day_night={ -2.0 2.0 }
			no_phenomenon=0.500
			rain_light=0.250
			rain_heavy=0.100
			snow=0.000
			blizzard=0.000
			arctic_water=0.000
			mud=1.000
			sandstorm=0.000
			min_snow_level=0.000
		}
		period={
			between={ 0.4 30.4 }
			temperature={ 12.0 20.0 }
			temperature_day_night={ -2.0 2.0 }
			no_phenomenon=0.500
			rain_light=0.250
			rain_heavy=0.100
			snow=0.000
			blizzard=0.000
			arctic_water=0.000
			mud=1.000
			sandstorm=0.000
			min_snow_level=0.000
		}
		period={
			between={ 0.5 29.5 }
			temperature={ 7.0 17.0 }
			temperature_day_night={ -2.0 2.0 }
			no_phenomenon=0.500
			rain_light=0.250
			rain_heavy=0.100
			snow=0.000
			blizzard=0.000
			arctic_water=0.000
			mud=1.000
			sandstorm=0.000
			min_snow_level=0.000
		}
		period={
			between={ 0.6 30.6 }
			temperature={ 7.0 17.0 }
			temperature_day_night={ -2.0 2.0 }
			no_phenomenon=0.500
			rain_light=0.250
			rain_heavy=0.100
			snow=0.000
			blizzard=0.000
			arctic_water=0.000
			mud=1.000
			sandstorm=0.000
			min_snow_level=0.000
		}
		period={
			between={ 0.7 30.7 }
			temperature={ 9.0 20.0 }
			temperature_day_night={ -2.0 2.0 }
			no_phenomenon=0.500
			rain_light=0.250
			rain_heavy=0.100
			snow=0.000
			blizzard=0.000
			arctic_water=0.000
			mud=1.000
			sandstorm=0.000
			min_snow_level=0.000
		}
		period={
			between={ 0.8 29.8 }
			temperature={ 13.0 23.0 }
			temperature_day_night={ -2.0 2.0 }
			no_phenomenon=0.500
			rain_light=0.250
			rain_heavy=0.100
			snow=0.000
			blizzard=0.000
			arctic_water=0.000
			mud=1.000
			sandstorm=0.000
			min_snow_level=0.000
		}
		period={
			between={ 0.9 30.9 }
			temperature={ 13.0 23.0 }
			temperature_day_night={ -2.0 2.0 }
			no_phenomenon=0.500
			rain_light=0.250
			rain_heavy=0.100
			snow=0.000
			blizzard=0.000
			arctic_water=0.000
			mud=1.000
			sandstorm=0.000
			min_snow_level=0.000
		}
		period={
			between={ 0.10 29.10 }
			temperature={ 18.0 28.0 }
			temperature_day_night={ -2.0 2.0 }
			no_phenomenon=0.500
			rain_light=0.250
			rain_heavy=0.100
			snow=0.000
			blizzard=0.000
			arctic_water=0.000
			mud=1.000
			sandstorm=0.000
			min_snow_level=0.000
		}
		period={
			between={ 0.11 30.11 }
			temperature={ 18.0 28.0 }
			temperature_day_night={ -2.0 2.0 }
			no_phenomenon=0.500
			rain_light=0.250
			rain_heavy=0.100
			snow=0.000
			blizzard=0.000
			arctic_water=0.000
			mud=1.000
			sandstorm=0.000
			min_snow_level=0.000
		}
		period={
			between={ 4.11 21.11 }
			temperature={ -10.0 35.0 }
			temperature_day_night={ 2.0 -2.0 }
			no_phenomenon=1.500
			rain_light=0.250
			rain_heavy=0.100
			snow=0.000
			blizzard=0.000
			arctic_water=0.000
			mud=0.000
			sandstorm=0.000
			min_snow_level=0.000
		}
	}
}
