
state={
	id=400
	name="STATE_400"
	manpower = 8868

	state_category = town

	history={
		owner = KAZ
	    add_core_of = KAZ
		buildings = {
			infrastructure = 1
		}
		
	}

	provinces={
		31 45 73 88 112 119 146 175 272 359 3004 3041 3066 3102 3103 3112 3139 3146 3167 3177 3264 3363 6089 6124 6133 6162 6171 6191 6213 6274 6288 6383 9050 9065 9114 9146 9155 9172 9192 9214 9232 9370 10200 11025 11051 11087 11124 11133 11149 11158 11170 11193 11354 6202 11179 6 9145 6121 11203 3000 1307 7318
	}
}
